12
8
3 0 1 2 
3 7 6 5 
3 4 5 1 
3 5 6 2 
3 2 6 7 
3 4 0 3 
3 3 0 2 
3 4 7 5 
3 0 4 1 
3 1 5 2 
3 3 2 7 
3 7 4 3 
1.000000 1.000000 -1.000000
1.000000 -1.000000 -1.000000
-1.000000 -1.000000 -1.000000
-1.000000 1.000000 -1.000000
1.000000 0.999999 1.000000
0.999999 -1.000001 1.000000
-1.000000 -1.000000 1.000000
-1.000000 1.000000 1.000000
0.577349 0.577349 -0.577349
0.577349 -0.577349 -0.577349
-0.577349 -0.577349 -0.577349
-0.577349 0.577349 -0.577349
0.577349 0.577349 0.577349
0.577349 -0.577349 0.577349
-0.577349 -0.577349 0.577349
-0.577349 0.577349 0.577349
